-8.355943858623504639e-02
-3.942952957004308701e-03
2.737463824450969696e-02
4.482451826333999634e-02
-2.868276275694370270e-02
-3.013410791754722595e-02
-1.920481212437152863e-02
5.793142318725585938e-02
-1.612773165106773376e-03
3.969412669539451599e-02
-5.994293466210365295e-02
2.841065637767314911e-02
5.696651525795459747e-03
6.313633173704147339e-02
3.346692770719528198e-02
2.377759665250778198e-02
-7.114218920469284058e-02
-6.342709995806217194e-03
1.274700649082660675e-02
2.686874568462371826e-02
8.453463762998580933e-02
2.359215635806322098e-03
-1.136575127020478249e-03
-7.199864089488983154e-02
-2.637627124786376953e-01
7.207808643579483032e-02
-1.527516054920852184e-03
1.482187062501907349e-01
1.855503022670745850e-02
4.388252645730972290e-02
6.028175354003906250e-02
1.305596320889890194e-03
-1.732103712856769562e-02
-7.994524389505386353e-02
1.103524267673492432e-01
2.225426770746707916e-02
7.798571139574050903e-02
-2.853547222912311554e-02
7.732465397566556931e-03
2.552383579313755035e-02
1.250467030331492424e-04
-4.749302193522453308e-02
-5.846260860562324524e-02
-5.523035675287246704e-02
-2.109289634972810745e-03
3.500706702470779419e-02
5.515601113438606262e-02
6.031040102243423462e-02
6.065458804368972778e-02
6.330659240484237671e-02
-4.961817339062690735e-02
1.214168965816497803e-01
1.689889840781688690e-02
-5.126058589667081833e-03
2.010275274515151978e-01
8.715428411960601807e-03
1.800427958369255066e-02
8.381363935768604279e-03
-2.558256499469280243e-02
-2.092233626171946526e-03
-2.730148844420909882e-02
2.942774817347526550e-02
2.323443442583084106e-02
5.743909999728202820e-02
3.126688674092292786e-02
2.584496513009071350e-03
-7.138517498970031738e-02
1.966920681297779083e-02
4.676681756973266602e-02
-1.861880719661712646e-02
-8.140081539750099182e-03
7.848395034670829773e-03
5.578830093145370483e-02
-3.210456296801567078e-02
2.654995396733283997e-02
-3.991771489381790161e-02
-2.610698528587818146e-02
3.902116045355796814e-02
9.805350005626678467e-02
-6.223312392830848694e-02
3.209894057363271713e-03
4.753710329532623291e-02
-4.061345010995864868e-02
1.835824362933635712e-02
-9.290515631437301636e-02
1.537339948117733002e-02
-4.770561680197715759e-02
-1.537601836025714874e-02
3.094011731445789337e-02
-1.254208199679851532e-02
-2.650866843760013580e-02
5.831331759691238403e-02
-3.561326488852500916e-02
-1.613935106433928013e-03
5.961144343018531799e-02
-4.502383992075920105e-02
-4.377354402095079422e-03
-3.870943561196327209e-02
-4.917026683688163757e-02
-3.192031756043434143e-02
-3.196690604090690613e-02
-3.325442224740982056e-02
-9.306691586971282959e-03
4.095609113574028015e-02
-2.896526083350181580e-02
-6.419155746698379517e-02
3.272583708167076111e-02
3.196403384208679199e-02
2.622086554765701294e-02
4.319810122251510620e-02
-4.041153937578201294e-02
2.683751471340656281e-02
-4.101124405860900879e-02
3.630304709076881409e-02
1.573074609041213989e-02
-4.242372512817382812e-02
1.355606038123369217e-02
6.135507021099328995e-03
4.547059908509254456e-02
-6.462643295526504517e-02
4.616652429103851318e-02
-2.801463007926940918e-02
3.615339752286672592e-03
4.619700089097023010e-02
5.284488201141357422e-02
-1.385146565735340118e-02
3.847188130021095276e-02
-5.996935442090034485e-02
-5.912490934133529663e-02
-4.903586953878402710e-02
-2.379356510937213898e-02
3.636130690574645996e-02
8.763518184423446655e-02
5.030283331871032715e-02
1.314117573201656342e-02
-3.672288032248616219e-03
2.998447790741920471e-02
6.197578273713588715e-03
3.780505061149597168e-02
-3.942097537219524384e-03
-3.059410303831100464e-02
-2.042632550001144409e-02
-2.884010039269924164e-02
4.367306083440780640e-02
-6.453778129070997238e-03
-4.588922485709190369e-02
1.280866190791130066e-02
-5.039720796048641205e-03
1.105297356843948364e-02
4.915947839617729187e-02
-3.842373145744204521e-03
-2.522264979779720306e-02
-5.484998691827058792e-03
3.185837343335151672e-02
2.300727879628539085e-03
-6.033875048160552979e-02
-2.892588265240192413e-02
1.159103680402040482e-02
-1.543535385280847549e-03
-6.044859765097498894e-04
4.053928703069686890e-02
2.967081218957901001e-02
5.984679982066154480e-02
-2.440109848976135254e-02
-1.213400810956954956e-02
3.305601328611373901e-02
-5.053138360381126404e-03
8.843917399644851685e-03
3.164804726839065552e-02
3.192613366991281509e-04
-2.665621414780616760e-02
-1.441478030756115913e-03
-2.126018516719341278e-02
6.114643532782793045e-03
-2.679924480617046356e-02
5.480571463704109192e-02
-1.711247023195028305e-04
1.177310943603515625e-02
2.938720211386680603e-02
1.045106202363967896e-01
3.914532437920570374e-02
-3.267352702096104622e-03
1.639947108924388885e-02
3.433623164892196655e-02
-2.083178050816059113e-02
-6.646904163062572479e-03
-5.078252032399177551e-02
-9.470880031585693359e-03
2.415554597973823547e-02
-5.906605347990989685e-02
1.526215393096208572e-02
-3.202183917164802551e-02
-2.371460758149623871e-02
1.153429038822650909e-02
1.265799347311258316e-02
6.984698027372360229e-02
2.065363340079784393e-02
4.177812114357948303e-02
8.328507840633392334e-02
-3.362315008416771889e-03
6.434918195009231567e-02
-4.388706292957067490e-03
4.189607873558998108e-02
-2.638842724263668060e-02
-3.046671301126480103e-02
-7.604198902845382690e-02
-3.691050037741661072e-02
-7.717336528003215790e-03
-1.633327081799507141e-02
6.150595098733901978e-02
-3.616142645478248596e-02
2.807695977389812469e-02
-2.014330215752124786e-02
-2.972696349024772644e-02
1.574835740029811859e-03
-1.749230362474918365e-02
-2.793995104730129242e-02
4.811724647879600525e-02
5.837601050734519958e-02
4.313588608056306839e-03
-4.213783517479896545e-02
-3.433834016323089600e-02
-4.186405986547470093e-02
-1.266585011035203934e-02
8.696293458342552185e-03
-3.021665662527084351e-02
-2.877817116677761078e-02
-8.766186423599720001e-03
-3.150522336363792419e-02
3.840010613203048706e-02
7.217181846499443054e-03
-5.817183107137680054e-02
2.497356571257114410e-02
-2.770806290209293365e-02
6.839019060134887695e-02
-5.257764831185340881e-02
3.023819439113140106e-02
-1.440069358795881271e-02
-4.766492173075675964e-02
-4.200149327516555786e-02
2.815530635416507721e-02
-3.377696871757507324e-02
-3.075394965708255768e-02
-4.268664494156837463e-02
2.253301255404949188e-02
6.305328570306301117e-03
3.480827063322067261e-02
6.483179330825805664e-02
-5.413436889648437500e-02
-2.441739477217197418e-02
3.471168130636215210e-02
2.763696759939193726e-02
1.846159063279628754e-02
2.702890336513519287e-02
-9.098405018448829651e-03
7.272879034280776978e-02
2.223121933639049530e-02
3.323303163051605225e-02
1.075965911149978638e-02
1.567286439239978790e-02
-8.546879887580871582e-02
-3.907102346420288086e-02
4.414213821291923523e-02
-1.274348516017198563e-02
-1.764304563403129578e-02
2.725805342197418213e-02
-1.006909459829330444e-02
-2.138533629477024078e-02
1.497566141188144684e-02
-3.562017157673835754e-02
-4.684019833803176880e-02
1.987909711897373199e-02
1.446918118745088577e-02
-1.011248305439949036e-02
6.490077078342437744e-02
-5.736325401812791824e-03
-1.436833385378122330e-02
-8.521364070475101471e-03
-2.395964041352272034e-02
4.342941939830780029e-02
-7.399525027722120285e-03
-2.045855671167373657e-02
-1.609874330461025238e-02
-3.991836681962013245e-02
-3.198076784610748291e-02
2.618434373289346695e-04
1.342481002211570740e-02
-1.025819219648838043e-02
-1.312210708856582642e-01
-2.804281190037727356e-02
-3.082077763974666595e-02
7.533077895641326904e-02
9.944912046194076538e-03
-8.202148601412773132e-03
-4.294768720865249634e-02
6.457629054784774780e-02
-6.116802617907524109e-02
1.197744277305901051e-03
-2.688992582261562347e-02
1.856342889368534088e-02
-3.579131886363029480e-02
-3.511290624737739563e-02
-5.390407145023345947e-02
-6.973075680434703827e-03
-2.237147279083728790e-02
9.366197045892477036e-04
2.366619184613227844e-02
-2.126621454954147339e-02
1.119674928486347198e-02
1.093303877860307693e-02
1.234262017533183098e-03
6.184007599949836731e-02
5.896263569593429565e-02
2.355230273678898811e-03
3.984413295984268188e-02
-1.597885042428970337e-02
-4.049624875187873840e-02
-1.345173828303813934e-02
-4.125420004129409790e-03
2.403756603598594666e-02
-3.640818223357200623e-02
7.292369846254587173e-03
-1.361723057925701141e-02
-1.733185350894927979e-02
3.808490186929702759e-02
-3.290680050849914551e-02
-5.017469078302383423e-02
-5.550081375986337662e-03
-5.357117392122745514e-03
1.527101639658212662e-02
-3.205226734280586243e-02
-2.354859001934528351e-02
2.277711592614650726e-02
-1.041905488818883896e-02
2.576215937733650208e-02
-2.975119045004248619e-03
6.215081736445426941e-02
-7.052206248044967651e-02
9.931255131959915161e-03
1.730252988636493683e-02
5.815348774194717407e-02
-1.635001599788665771e-02
-9.431409649550914764e-03
3.402197733521461487e-03
2.210113406181335449e-02
-2.767664194107055664e-02
1.510055176913738251e-02
-4.911359772086143494e-02
-2.719963528215885162e-02
-1.102211251854896545e-01
1.148711424320936203e-03
5.774499103426933289e-02
3.859171271324157715e-02
7.649317383766174316e-02
-3.272631391882896423e-02
2.387407422065734863e-02
-1.654808875173330307e-05
2.208326943218708038e-02
2.721785008907318115e-02
4.033364821225404739e-03
1.264963857829570770e-02
-2.877388149499893188e-02
7.019333075731992722e-03
-6.447982788085937500e-02
1.130218338221311569e-02
3.195374039933085442e-03
1.755777932703495026e-02
2.270341664552688599e-02
-4.734304919838905334e-02
1.370687782764434814e-01
-2.353366278111934662e-02
-3.727441420778632164e-03
-3.957573696970939636e-02
7.322518620640039444e-03
-9.360162168741226196e-02
8.175145834684371948e-02
-1.320568192750215530e-02
-2.220449782907962799e-02
3.557158261537551880e-02
-7.944224029779434204e-02
-1.484760642051696777e-02
-1.733117178082466125e-02
-5.302546545863151550e-03
6.284779310226440430e-02
6.218693032860755920e-02
3.425313904881477356e-02
4.866024013608694077e-03
9.357758797705173492e-03
-5.392518639564514160e-02
1.247639954090118408e-02
2.567294985055923462e-02
-5.118572711944580078e-02
8.462582714855670929e-03
4.447607696056365967e-02
3.252900764346122742e-02
-1.760796830058097839e-02
1.005784235894680023e-02
1.873526535928249359e-02
-4.659481719136238098e-02
1.655278494581580162e-03
-1.343207992613315582e-02
1.991249388083815575e-03
7.152210921049118042e-02
-2.533653751015663147e-02
-1.849829033017158508e-02
-5.054290592670440674e-02
2.595675736665725708e-02
7.216620724648237228e-03
-1.681508123874664307e-02
1.342183444648981094e-02
3.878187015652656555e-02
1.255450583994388580e-02
-1.229254342615604401e-02
-1.049701310694217682e-02
-3.072372078895568848e-02
2.238515298813581467e-03
3.686317801475524902e-02
-2.763055497780442238e-03
1.530250161886215210e-02
5.988934077322483063e-03
2.660144120454788208e-02
-7.716514170169830322e-02
-1.965288538485765457e-03
2.454048767685890198e-02
1.067711506038904190e-02
1.152479741722345352e-02
-2.414022805169224739e-03
-4.078469425439834595e-02
-1.934683509171009064e-02
-6.889528036117553711e-02
9.881571866571903229e-03
-3.365416824817657471e-02
2.421992458403110504e-02
-3.071214258670806885e-02
-4.659212380647659302e-02
-6.420496851205825806e-02
-1.931678876280784607e-02
6.433050334453582764e-02
4.711157456040382385e-02
3.358645364642143250e-02
-1.381784304976463318e-02
-5.528626963496208191e-03
4.122349619865417480e-02
1.668022386729717255e-02
-1.868437230587005615e-02
3.786210343241691589e-02
-8.329864591360092163e-02
-4.041324928402900696e-02
-2.732755616307258606e-02
5.319879576563835144e-02
-1.031631603837013245e-02
1.703064143657684326e-02
-6.806295365095138550e-02
-3.905120119452476501e-02
1.671117171645164490e-02
-1.299432851374149323e-02
-3.515723161399364471e-03
7.860071025788784027e-03
1.119697187095880508e-02
-1.228884421288967133e-02
-8.151659741997718811e-03
-3.428491577506065369e-02
-7.511388510465621948e-02
6.020721513777971268e-03
2.520779706537723541e-02
-1.417117752134799957e-02
-1.758531108498573303e-02
-2.983320271596312523e-03
7.320564985275268555e-02
-1.972906291484832764e-02
2.305261977016925812e-02
1.905846782028675079e-02
-2.097887918353080750e-02
-3.730065748095512390e-02
6.336985528469085693e-02
1.417902112007141113e-01
-3.536745533347129822e-02
-2.767817489802837372e-02
2.736047096550464630e-02
-3.131587058305740356e-02
-3.956276923418045044e-02
2.508257329463958740e-02
6.064035370945930481e-02
7.320838980376720428e-03
-5.839750170707702637e-02
-4.817358404397964478e-02
-7.352988701313734055e-03
-5.522957816720008850e-02
-4.498459864407777786e-03
5.165839102119207382e-03
3.807307034730911255e-02
-3.452665731310844421e-02
2.342467568814754486e-02
-4.010659456253051758e-02
-8.138092234730720520e-03
-3.803716972470283508e-02
-3.045905940234661102e-02
-6.784237176179885864e-02
-2.753250859677791595e-02
-4.253910854458808899e-02
2.299775183200836182e-02
-8.318418636918067932e-03
-8.150001987814903259e-03
-8.377148769795894623e-03
1.684968359768390656e-02
3.319592028856277466e-02
-7.768958806991577148e-03
6.706103682518005371e-02
-4.341147840023040771e-02
-7.759534288197755814e-03
3.009766340255737305e-02
-8.001416921615600586e-02
1.090749166905879974e-02
-1.010397542268037796e-02
-2.901995740830898285e-02
-6.355262547731399536e-02
-2.713020704686641693e-02
-2.929673995822668076e-03
1.330533064901828766e-02
-2.150159887969493866e-02
-3.560170531272888184e-02
1.384025532752275467e-02
1.993413083255290985e-02
3.583897370845079422e-03
4.734656214714050293e-02
2.736346330493688583e-03
-2.996523305773735046e-02
3.221088647842407227e-02
-5.191389843821525574e-02
3.611203283071517944e-06
-2.571216970682144165e-02
2.574420161545276642e-02
-1.171380281448364258e-02
4.277861863374710083e-02
-2.066753432154655457e-02
-1.116034854203462601e-02
7.549928873777389526e-02
-3.969393298029899597e-02
-3.000754117965698242e-02
7.256206590682268143e-03
2.506006741896271706e-03
-1.060627494007349014e-02
6.584972143173217773e-02
4.936205968260765076e-02
-6.061605364084243774e-02
-4.955794196575880051e-03
7.559493929147720337e-02
-5.058478191494941711e-02
-7.136660814285278320e-02
8.413891494274139404e-02
-1.729269325733184814e-02
1.988677307963371277e-02
-4.260498099029064178e-04
4.105204343795776367e-02
8.117537014186382294e-03
3.262695297598838806e-02
-1.931837573647499084e-02
6.267247349023818970e-02
-2.379386313259601593e-02
-6.250998470932245255e-03
6.207072176039218903e-03
-9.376569651067256927e-04
-1.520993746817111969e-02
-6.492248922586441040e-02
1.689905673265457153e-02
1.738640666007995605e-02
-2.761325426399707794e-02
-2.458160743117332458e-02
-1.735317055135965347e-03
-2.288141474127769470e-02
2.934280969202518463e-02
-7.839305326342582703e-03
5.563800036907196045e-02
-1.728725992143154144e-02
2.395117282867431641e-02
1.224172674119472504e-02
-3.184214979410171509e-02
-3.710252791643142700e-02
9.963596239686012268e-03
-1.542824134230613708e-02
-8.844840526580810547e-02
-2.905809320509433746e-02
4.316911473870277405e-02
3.301760647445917130e-03
3.846797347068786621e-02
-2.260104380548000336e-02
-1.323867589235305786e-02
5.784244462847709656e-02
1.541005633771419525e-02
-1.580089889466762543e-02
3.871624171733856201e-02
4.654278978705406189e-02
-6.854707002639770508e-02
6.644219905138015747e-02
3.096691146492958069e-02
9.441584348678588867e-03
-1.744851097464561462e-02
-4.048572480678558350e-02
-8.456084877252578735e-03
4.080384597182273865e-02
1.565397903323173523e-02
4.299661889672279358e-02
-4.217346757650375366e-02
1.136279199272394180e-02
8.122520148754119873e-02
1.593075320124626160e-02
-1.225650496780872345e-02
6.042794138193130493e-02
4.058742150664329529e-02
3.722989931702613831e-02
-2.044731378555297852e-02
-2.614322118461132050e-02
4.700285848230123520e-03
-4.470175597816705704e-03
-4.689662158489227295e-02
2.491460554301738739e-02
-2.480967435985803604e-03
6.973077356815338135e-02
-1.555630099028348923e-02
1.525516994297504425e-02
7.216428965330123901e-02
1.770085655152797699e-02
2.495601586997509003e-02
-1.033749431371688843e-04
-3.911656513810157776e-02
-1.253367587924003601e-02
3.795351833105087280e-03
-1.147210132330656052e-02
-9.228385984897613525e-03
-3.612624853849411011e-02
-5.467909853905439377e-03
-1.328529790043830872e-02
-4.561598971486091614e-02
-7.717813830822706223e-03
-4.321365803480148315e-02
-2.695980947464704514e-04
-4.717707261443138123e-02
-5.923481658101081848e-02
4.549954086542129517e-02
1.427329704165458679e-02
1.721637137234210968e-02
-5.297742784023284912e-02
-8.465696126222610474e-03
-3.450125828385353088e-02
4.386841505765914917e-02
-7.671353407204151154e-03
-7.956003770232200623e-03
4.840123653411865234e-02
7.019430398941040039e-02
1.473610848188400269e-02
-1.530770678073167801e-02
-1.303581241518259048e-02
-1.757546514272689819e-02
-6.209688261151313782e-03
-6.289142649620771408e-03
3.507304191589355469e-02
-9.101755917072296143e-03
-2.418200857937335968e-02
3.201793506741523743e-02
-4.728839546442031860e-02
1.232752855867147446e-02
-1.403511036187410355e-02
1.551656424999237061e-02
2.807270362973213196e-02
4.902807995676994324e-02
-8.870608173310756683e-03
5.618251115083694458e-02
-2.079784311354160309e-02
1.376053318381309509e-03
1.520327758044004440e-03
5.107882618904113770e-02
5.291872844099998474e-02
-9.788099676370620728e-03
-3.453575074672698975e-02
-4.344286024570465088e-02
-1.429077237844467163e-02
2.862696535885334015e-02
-7.230676710605621338e-02
7.474647369235754013e-03
3.397382050752639771e-02
2.947322279214859009e-02
-9.280094876885414124e-03
2.415812946856021881e-02
2.960491366684436798e-02
-9.654218330979347229e-03
-2.313161268830299377e-02
-8.802078664302825928e-03
-5.303842574357986450e-02
1.869852654635906219e-02
2.006315626204013824e-02
2.691163681447505951e-02
4.508315026760101318e-02
-3.715013712644577026e-02
7.648073881864547729e-02
3.015212714672088623e-02
-5.679220706224441528e-02
-4.297773167490959167e-02
-4.294519871473312378e-02
3.842393308877944946e-02
-7.032720372080802917e-03
1.559008937329053879e-02
3.321086615324020386e-02
9.316950105130672455e-03
-7.254836382344365120e-04
-2.417943067848682404e-02
6.954924017190933228e-02
-4.688849300146102905e-02
1.251606736332178116e-02
1.836147904396057129e-02
-3.722715005278587341e-02
-2.758787199854850769e-02
-4.461566358804702759e-02
8.458836376667022705e-02
-4.174727201461791992e-02
-4.037195816636085510e-02
2.202543895691633224e-03
-1.538837421685457230e-02
8.797585219144821167e-02
-6.698491424322128296e-02
4.873301088809967041e-02
3.419884294271469116e-02
-1.585797592997550964e-02
-2.799203153699636459e-03
-4.789283499121665955e-02
5.005553830415010452e-03
1.103912480175495148e-02
4.118673503398895264e-02
-2.563339658081531525e-04
-7.920674979686737061e-03
-2.803440392017364502e-02
1.434492971748113632e-02
-9.226648136973381042e-03
2.902943640947341919e-02
-3.095559589564800262e-02
2.664121799170970917e-02
-1.763338223099708557e-02
-1.044063363224267960e-02
6.580290943384170532e-02
5.392799526453018188e-02
1.227809675037860870e-02
1.943258196115493774e-02
1.511826179921627045e-02
-2.531404234468936920e-02
2.110594511032104492e-02
3.614306822419166565e-02
-3.457614779472351074e-02
-3.775808960199356079e-02
1.320598926395177841e-02
3.816510085016489029e-03
1.002694945782423019e-02
2.423059195280075073e-02
-1.107430551201105118e-02
-7.970584556460380554e-03
-5.522949248552322388e-02
-1.873875968158245087e-03
6.759389489889144897e-02
3.513117134571075439e-02
5.363225936889648438e-03
7.305340259335935116e-04
-4.297242313623428345e-02
-4.925370682030916214e-03
6.371157942339777946e-04
3.354577720165252686e-02
4.948440194129943848e-02
1.898450963199138641e-02
-3.809461137279868126e-03
3.545702621340751648e-02
-3.572267293930053711e-02
-8.402938954532146454e-03
-1.526126731187105179e-02
-7.710080128163099289e-03
-6.569496355950832367e-03
-3.365400806069374084e-02
-1.149195432662963867e-01
-6.763681024312973022e-02
3.204805031418800354e-02
4.172939341515302658e-03
5.666229501366615295e-02
-3.518773615360260010e-02
-6.026390567421913147e-02
-1.263833604753017426e-02
2.675727009773254395e-02
1.568031124770641327e-02
4.743778333067893982e-02
4.080596938729286194e-02
2.020483650267124176e-02
-1.577522233128547668e-02
5.071961879730224609e-02
2.353217639029026031e-02
6.875625252723693848e-02
-1.267316471785306931e-02
-1.359305158257484436e-02
4.084681160748004913e-03
7.552497088909149170e-03
5.714467912912368774e-02
7.998387515544891357e-02
3.374741598963737488e-02
3.982156887650489807e-02
-3.330040350556373596e-02
9.008407592773437500e-03
-2.637362852692604065e-02
4.814279451966285706e-02
1.864358969032764435e-02
6.996995955705642700e-02
-3.928614407777786255e-02
-3.763510659337043762e-02
-1.191042922437191010e-02
-2.950803376734256744e-02
4.070207849144935608e-02
4.450049996376037598e-02
3.935785591602325439e-02
-1.185044925659894943e-02
-5.003263242542743683e-03
-5.652911495417356491e-03
7.635079324245452881e-02
-8.751276135444641113e-02
-3.183538839221000671e-02
2.724491059780120850e-02
1.162554603070020676e-02
2.018132619559764862e-02
-3.813612088561058044e-02
2.001433074474334717e-02
-7.859290391206741333e-02
7.895969599485397339e-02
-2.560257725417613983e-02
-4.079555720090866089e-02
-1.649166457355022430e-02
1.839345134794712067e-02
-3.275924175977706909e-02
-2.304751612246036530e-02
4.755099490284919739e-02
2.882915083318948746e-03
-1.396028790622949600e-02
3.639429807662963867e-03
4.973690584301948547e-02
-4.414766281843185425e-02
2.268370985984802246e-02
5.127389729022979736e-02
-4.511706158518791199e-02
2.620220556855201721e-02
7.110319286584854126e-02
2.979944646358489990e-02
2.821002528071403503e-02
-1.815135357901453972e-03
2.382238209247589111e-02
1.107625737786293030e-01
3.131273388862609863e-02
1.521725393831729889e-02
7.658228743821382523e-03
-5.054588615894317627e-02
-5.911309272050857544e-02
-5.337776616215705872e-03
2.910817414522171021e-02
1.945462822914123535e-02
-3.462784737348556519e-02
3.413749113678932190e-02
-1.012459304183721542e-02
5.403300374746322632e-02
1.807085797190666199e-02
1.303831674158573151e-02
4.372962191700935364e-02
2.003111131489276886e-02
1.276523340493440628e-02
5.623868666589260101e-03
9.567912667989730835e-03
-5.347667261958122253e-03
-2.997778169810771942e-02
-1.837024651467800140e-02
-1.519127469509840012e-02
-2.582677267491817474e-02
-1.341167744249105453e-02
-1.902318559587001801e-02
4.353393614292144775e-02
1.771264942362904549e-03
-4.432661831378936768e-02
-1.295173540711402893e-02
-4.111443087458610535e-02
-3.300793468952178955e-02
6.409344729036092758e-03
6.417943537235260010e-02
-1.282223616726696491e-03
4.752026125788688660e-02
-1.491485163569450378e-02
-3.202654793858528137e-02
-6.679704785346984863e-02
-4.177512228488922119e-02
2.926938608288764954e-02
-6.160581856966018677e-02
9.966448880732059479e-03
7.510501146316528320e-02
-3.600019216537475586e-02
-6.972387433052062988e-03
-3.541008755564689636e-02
2.348550036549568176e-02
7.065836805850267410e-03
-1.305415946990251541e-02
1.498416997492313385e-02
-2.808408252894878387e-02
5.113573372364044189e-02
-4.151337593793869019e-02
5.952464044094085693e-02
2.540166117250919342e-02
4.061253275722265244e-03
3.757196711376309395e-03
-7.688120007514953613e-02
-8.931580930948257446e-02
-6.661989260464906693e-03
2.230192162096500397e-02
-3.276860341429710388e-02
-9.453742764890193939e-03
-6.669484823942184448e-02
2.004633471369743347e-02
6.565356999635696411e-02
-5.519219487905502319e-02
4.094064701348543167e-03
-2.374442107975482941e-02
4.191119968891143799e-02
-1.032064761966466904e-02
-1.554780057631433010e-03
1.217141561210155487e-02
-5.320152267813682556e-04
1.127644255757331848e-01
4.733578115701675415e-02
-4.882135614752769470e-02
9.483259171247482300e-03
-8.632546290755271912e-03
6.221195310354232788e-02
-8.996958844363689423e-03
2.734502591192722321e-02
8.762639947235584259e-03
-7.817306369543075562e-02
-5.516234412789344788e-02
-2.440928481519222260e-02
3.617240861058235168e-02
6.981794722378253937e-03
7.560037076473236084e-02
-1.732327975332736969e-02
1.096876263618469238e-01
-3.808362782001495361e-02
2.859230898320674896e-02
1.928268559277057648e-02
-7.966455072164535522e-03
6.975267548114061356e-03
-4.984090849757194519e-02
-2.817856147885322571e-02
-2.513949200510978699e-02
-3.773971647024154663e-02
-9.957584552466869354e-03
-4.614696651697158813e-02
3.578086942434310913e-02
8.170196786522865295e-03
-1.920262351632118225e-02
-7.702565193176269531e-02
5.759233981370925903e-02
5.887065082788467407e-02
5.696531757712364197e-02
-5.177244544029235840e-02
-5.590156465768814087e-02
4.993578791618347168e-02
-9.444054216146469116e-03
5.723752453923225403e-02
8.089844137430191040e-02
-2.925260923802852631e-02
5.557790398597717285e-02
3.806879976764321327e-03
-8.901467919349670410e-02
4.396592080593109131e-02
3.330481797456741333e-02
-1.972891762852668762e-02
-7.133538834750652313e-03
-1.263493299484252930e-02
-1.265560835599899292e-02
4.626320675015449524e-02
3.903272002935409546e-02
4.616035893559455872e-02
2.450085803866386414e-02
-5.328534170985221863e-02
4.188752919435501099e-02
5.285581573843955994e-02
4.248156398534774780e-02
-4.724806919693946838e-02
2.096168696880340576e-02
8.999339304864406586e-03
-3.091350197792053223e-02
-1.521757431328296661e-02
2.667570672929286957e-02
-1.550551224499940872e-02
-5.958029255270957947e-02
4.770132899284362793e-02
5.719937034882605076e-04
3.472387045621871948e-02
-4.078445211052894592e-02
2.300123497843742371e-02
-3.293991321697831154e-03
-8.059323765337467194e-03
-6.082693580538034439e-03
1.789287850260734558e-02
-2.314996160566806793e-02
1.547812949866056442e-02
5.478150770068168640e-02
7.018261589109897614e-03
3.511260822415351868e-02
2.349883131682872772e-02
5.900223623029887676e-04
-5.236684158444404602e-02
-4.753452260047197342e-03
-5.945572629570960999e-02
4.223300516605377197e-02
-6.846593227237462997e-03
-1.588082872331142426e-02
3.604070842266082764e-02
2.711009792983531952e-02
-2.260191179811954498e-02
7.573829591274261475e-02
-2.049171552062034607e-02
-3.858359158039093018e-02
-1.760920626111328602e-03
4.852721095085144043e-02
1.676957868039608002e-02
-4.558900743722915649e-02
-3.516717255115509033e-02
3.454937785863876343e-02
4.533711448311805725e-02
3.352417424321174622e-02
