1.787811815738677979e-01
-2.867947332561016083e-03
3.119328022003173828e-01
-3.498507663607597351e-02
-9.730099141597747803e-02
3.690535724163055420e-01
-1.256137490272521973e-01
1.390608213841915131e-02
5.413293465971946716e-02
3.608670085668563843e-02
-1.226506941020488739e-02
-1.042173057794570923e-02
6.704693287611007690e-02
1.643303185701370239e-01
-8.192921057343482971e-03
2.731172144412994385e-01
4.095252603292465210e-02
-6.658947095274925232e-04
-4.488346353173255920e-02
7.797379791736602783e-02
-8.137400448322296143e-02
1.378946304321289062e-01
6.645648926496505737e-02
1.476197391748428345e-01
-2.310989350080490112e-01
1.733681373298168182e-02
-1.585338860750198364e-01
3.724393248558044434e-02
-5.334796011447906494e-02
9.055593982338905334e-03
9.955467283725738525e-02
-1.369036138057708740e-01
-1.436362862586975098e-01
-1.344023644924163818e-02
-2.466810122132301331e-02
1.283772587776184082e-01
2.960025332868099213e-02
9.052263945341110229e-02
5.432547535747289658e-03
4.406207054853439331e-02
-1.292856931686401367e-01
-1.046118959784507751e-01
-1.895838975906372070e-02
6.102924048900604248e-02
2.006543613970279694e-02
-2.419866062700748444e-02
2.304406836628913879e-02
-8.773391693830490112e-02
-2.004785276949405670e-02
-1.209386885166168213e-01
3.182456269860267639e-02
5.892855674028396606e-02
-1.727805733680725098e-01
8.620024658739566803e-03
3.626701608300209045e-02
-1.308721005916595459e-01
6.576876156032085419e-03
-4.314567148685455322e-02
-1.028055604547262192e-02
-4.972913861274719238e-02
-1.464189495891332626e-02
5.351116508245468140e-02
5.316873639822006226e-02
-8.372356742620468140e-02
5.461587570607662201e-04
-1.023354288190603256e-02
6.345757842063903809e-02
4.602474160492420197e-03
1.038408055901527405e-01
-2.796413935720920563e-02
-3.572022542357444763e-02
-1.695030182600021362e-02
-3.457281738519668579e-02
-1.972228847444057465e-02
-4.364790394902229309e-02
-1.240234170109033585e-02
-2.550390549004077911e-02
4.415616393089294434e-03
-6.975410133600234985e-02
9.077327325940132141e-03
4.429075121879577637e-02
-2.614511549472808838e-02
1.506265625357627869e-02
2.257292717695236206e-02
8.752287249080836773e-04
-1.844954118132591248e-02
-5.226669460535049438e-02
6.285758689045906067e-03
-3.621469065546989441e-02
-2.177561074495315552e-02
1.725925318896770477e-02
4.797206819057464600e-02
-8.939581923186779022e-03
-1.893400773406028748e-02
-5.898197181522846222e-03
2.560495398938655853e-03
8.487125858664512634e-03
4.018508270382881165e-02
1.198603864759206772e-02
-1.524738408625125885e-02
-1.262194570153951645e-02
-2.883669920265674591e-02
-1.107832230627536774e-02
-1.207873225212097168e-03
-4.748035687953233719e-03
-1.332636363804340363e-02
-2.244170010089874268e-02
-1.752083189785480499e-02
2.242480590939521790e-02
2.372815273702144623e-03
-1.083966810256242752e-02
-2.771940827369689941e-02
1.935268938541412354e-02
6.887751631438732147e-03
-1.510545844212174416e-03
2.153487876057624817e-02
1.510532852262258530e-02
-3.902215743437409401e-03
-1.020605675876140594e-02
2.057237084954977036e-03
-3.721034154295921326e-03
-2.962560392916202545e-03
7.164042908698320389e-03
4.198411107063293457e-02
4.853185731917619705e-03
-3.679522313177585602e-03
9.123875759541988373e-03
5.947024561464786530e-03
1.383359264582395554e-02
-5.858605355024337769e-02
-9.770957753062248230e-03
4.003158211708068848e-02
-5.078186281025409698e-03
3.094991296529769897e-02
-1.555026788264513016e-02
1.457929029129445553e-03
-5.092598870396614075e-02
7.026425004005432129e-02
-2.103545470163226128e-03
3.809916973114013672e-02
2.664058282971382141e-02
-2.973755262792110443e-02
-8.831458166241645813e-03
2.929672040045261383e-02
-2.392636984586715698e-02
-3.607013728469610214e-03
-1.428161468356847763e-02
-3.445614129304885864e-03
-4.000305198132991791e-03
3.105539269745349884e-02
-3.524641320109367371e-02
-1.481696031987667084e-02
-4.025931470096111298e-03
-5.678920820355415344e-02
-1.036336924880743027e-02
-2.061287499964237213e-02
2.379364892840385437e-02
1.883117482066154480e-02
-1.452575623989105225e-02
-1.763583347201347351e-02
-2.863725833594799042e-02
2.999268658459186554e-02
5.120796337723731995e-02
-2.279010601341724396e-02
2.134330198168754578e-02
5.512778647243976593e-03
3.698807954788208008e-02
-2.134265005588531494e-02
-2.085769362747669220e-02
1.384858507663011551e-02
-4.374510794878005981e-02
-3.262296319007873535e-02
1.082010194659233093e-02
2.888694591820240021e-02
-1.105208694934844971e-02
-7.589547894895076752e-03
-1.891566812992095947e-02
2.614686824381351471e-02
-4.795222543179988861e-03
-2.639453858137130737e-02
-1.045054569840431213e-02
-2.205246686935424805e-02
-2.910410240292549133e-02
1.462946645915508270e-02
5.052458960562944412e-03
1.240203529596328735e-02
-2.054607123136520386e-02
3.680631518363952637e-02
-2.531332196667790413e-03
-1.634232513606548309e-02
-3.549075871706008911e-02
1.359691284596920013e-02
3.620766475796699524e-02
-1.994797773659229279e-02
-4.932262003421783447e-02
-4.230290651321411133e-02
-1.586259715259075165e-02
6.075589917600154877e-03
-8.490228094160556793e-03
2.779511921107769012e-02
-3.164017107337713242e-03
1.090070325881242752e-02
-1.095654256641864777e-02
1.086216978728771210e-02
7.179674867074936628e-05
-5.208545178174972534e-02
7.876507006585597992e-03
1.720621436834335327e-02
8.059745654463768005e-03
-1.866966020315885544e-03
3.418704122304916382e-02
-3.634588792920112610e-02
-1.270544994622468948e-02
5.957738310098648071e-02
1.398158352822065353e-02
2.652628719806671143e-02
-1.167294103652238846e-03
-2.163258008658885956e-02
-4.184214770793914795e-02
-6.323012057691812515e-03
-1.155860256403684616e-02
-3.906863741576671600e-03
2.714795805513858795e-02
-2.946011722087860107e-02
1.184327993541955948e-05
-2.008103206753730774e-02
-1.389459241181612015e-02
3.307009488344192505e-02
-5.345217511057853699e-02
4.843777045607566833e-02
-1.498632039874792099e-02
2.670544013381004333e-02
2.251689881086349487e-02
2.992908237501978874e-03
-1.796553097665309906e-02
1.789892092347145081e-02
1.515696570277214050e-02
7.849281281232833862e-02
-2.998849749565124512e-02
-5.610208027064800262e-03
-3.525464981794357300e-02
-1.389541104435920715e-02
-2.213328331708908081e-02
-1.893413439393043518e-02
1.087180059403181076e-02
-9.948519058525562286e-03
-4.833834990859031677e-02
-1.848775893449783325e-02
3.014723397791385651e-02
1.763133890926837921e-02
-5.680309608578681946e-02
-2.976802352350205183e-04
2.306557446718215942e-02
3.422892466187477112e-02
4.680562391877174377e-02
2.341164648532867432e-02
-4.586071707308292389e-03
2.542124688625335693e-02
-3.471803618595004082e-03
4.286598879843950272e-03
-3.917415812611579895e-02
3.482284024357795715e-02
1.790035702288150787e-02
1.796305552124977112e-02
9.730066172778606415e-03
2.934271842241287231e-02
-3.559209033846855164e-02
-4.014187026768922806e-03
-8.497863309457898140e-04
-2.418998256325721741e-02
8.542637340724468231e-03
-1.545607391744852066e-02
2.174502797424793243e-02
-6.654073484241962433e-03
-1.075233332812786102e-02
-4.129619337618350983e-03
8.819048292934894562e-03
2.813725173473358154e-02
2.470483258366584778e-02
-2.578013949096202850e-02
2.642612904310226440e-02
6.368145812302827835e-03
-3.650434315204620361e-03
-2.569811791181564331e-02
3.710460732690989971e-04
-5.941127613186836243e-02
1.004618313163518906e-02
-7.901960052549839020e-03
8.614074438810348511e-03
1.435853913426399231e-02
7.714613806456327438e-03
-8.034961065277457237e-04
-1.629105955362319946e-02
-4.812069237232208252e-02
-2.722058817744255066e-02
1.318727154284715652e-03
3.663106262683868408e-02
4.288503900170326233e-02
4.186505824327468872e-02
-2.220187149941921234e-02
-1.297082565724849701e-02
1.479925401508808136e-02
-1.716607436537742615e-02
2.277733944356441498e-02
-6.207890808582305908e-02
4.056783393025398254e-02
1.679666806012392044e-03
-1.218586973845958710e-02
-1.373302773572504520e-03
8.005344308912754059e-03
-1.893307827413082123e-02
-5.285094305872917175e-02
-2.327346056699752808e-02
9.978776797652244568e-03
-2.815539576113224030e-02
9.692409075796604156e-03
-1.396308746188879013e-02
-1.098990533500909805e-02
1.173879019916057587e-02
-8.663808926939964294e-03
4.358562082052230835e-02
-1.948944851756095886e-02
1.277661509811878204e-02
1.528654061257839203e-02
-2.135288342833518982e-02
3.457251936197280884e-02
-6.694064289331436157e-02
1.136876083910465240e-02
-8.266823366284370422e-03
4.983061179518699646e-02
1.534687262028455734e-02
1.520236209034919739e-02
4.422964900732040405e-02
-1.929504983127117157e-02
7.094860076904296875e-03
-3.093243390321731567e-02
9.703051764518022537e-04
-3.257325151935219765e-03
8.288173936307430267e-03
1.581764779984951019e-02
1.292245835065841675e-02
-1.011809241026639938e-02
4.760945681482553482e-03
-5.863727536052465439e-03
2.097437344491481781e-02
-1.969439908862113953e-02
1.273080706596374512e-02
-8.257958106696605682e-03
2.319299057126045227e-02
-1.040216349065303802e-02
4.556712135672569275e-02
-4.209824651479721069e-02
1.758681237697601318e-02
1.093434751965105534e-03
9.609037078917026520e-03
-5.179025977849960327e-02
4.563143476843833923e-02
-7.166452705860137939e-04
-1.091480813920497894e-02
3.773024771362543106e-03
-1.406269147992134094e-03
1.628612726926803589e-02
2.541441703215241432e-03
6.680466234683990479e-02
-5.936791189014911652e-03
-1.882778014987707138e-03
-1.599112525582313538e-02
-2.035411819815635681e-02
-2.719646878540515900e-02
-2.111626975238323212e-02
-1.093512587249279022e-02
-3.081563301384449005e-02
2.488903142511844635e-02
8.605042472481727600e-03
-1.084348885342478752e-03
2.661017701029777527e-02
-5.808390211313962936e-03
4.346583038568496704e-03
-4.483331739902496338e-02
3.489470575004816055e-03
6.710989400744438171e-03
-3.953014034777879715e-03
-5.790411494672298431e-03
3.156951069831848145e-02
-8.925435133278369904e-03
-7.733777631074190140e-03
-2.570803277194499969e-02
-3.462211042642593384e-02
-1.910967193543910980e-02
-9.230692521668970585e-04
2.269523590803146362e-02
-1.198630221188068390e-02
2.445056568831205368e-03
1.889964565634727478e-02
-3.573627769947052002e-02
-2.779334783554077148e-02
3.434602916240692139e-02
3.399173915386199951e-02
3.802127437666058540e-03
1.474001072347164154e-02
3.216537088155746460e-02
2.205884829163551331e-02
-2.240709774196147919e-02
2.509573847055435181e-02
-4.287042829673737288e-04
-2.146943099796772003e-02
4.379117861390113831e-02
-9.031410329043865204e-03
1.998466625809669495e-02
-7.012843154370784760e-03
1.082154549658298492e-02
4.337072372436523438e-03
-1.773215644061565399e-02
5.002409219741821289e-02
-1.503617595881223679e-02
9.510004892945289612e-04
-1.653056591749191284e-03
-2.319719269871711731e-02
4.327710345387458801e-02
-5.225908942520618439e-03
7.576011586934328079e-03
6.437894422560930252e-03
1.961090788245201111e-02
3.798795863986015320e-02
1.511472743004560471e-02
-4.974508285522460938e-02
9.919184260070323944e-03
-3.152570873498916626e-02
-3.009669110178947449e-02
-2.609917335212230682e-02
-2.106245607137680054e-03
-2.412963099777698517e-02
-6.442700047045946121e-03
3.143853973597288132e-03
-1.085565658286213875e-03
1.773344352841377258e-03
-7.187293842434883118e-03
1.696971990168094635e-02
1.172632258385419846e-02
2.989083528518676758e-02
2.344218827784061432e-02
5.483475979417562485e-03
-1.307892985641956329e-02
2.722945064306259155e-02
-5.354909226298332214e-03
1.309446804225444794e-02
-1.211475580930709839e-02
1.812512055039405823e-02
-2.824831567704677582e-02
-2.975618094205856323e-02
4.043451626785099506e-04
3.447142988443374634e-02
-1.757293380796909332e-02
-1.673670485615730286e-02
-1.919139362871646881e-02
-9.499815292656421661e-03
8.335179649293422699e-03
2.311836555600166321e-02
1.145410723984241486e-02
-1.113754138350486755e-02
-4.524744302034378052e-02
3.545587882399559021e-02
2.636262774467468262e-02
-3.851165995001792908e-02
-1.991032063961029053e-02
3.052961779758334160e-03
3.255095332860946655e-02
-3.430739790201187134e-02
1.415880676358938217e-02
-3.208551928400993347e-02
-1.733640395104885101e-02
2.540876157581806183e-02
5.412255972623825073e-02
-6.383952219039201736e-03
-1.095642894506454468e-02
-2.643903484567999840e-03
1.753067248500883579e-03
1.610679551959037781e-02
-7.002984173595905304e-03
-3.187817707657814026e-02
-4.942270740866661072e-02
1.193455606698989868e-02
-4.343726113438606262e-02
-1.318222843110561371e-02
3.959890827536582947e-02
1.702685095369815826e-02
-2.024442143738269806e-02
-3.751619532704353333e-02
1.594779081642627716e-02
-2.448663301765918732e-02
-7.940267678350210190e-04
2.782676834613084793e-03
-1.330836210399866104e-02
-4.212453216314315796e-02
-1.613005623221397400e-02
2.803207188844680786e-02
4.696343466639518738e-02
7.670065388083457947e-03
-1.146093662828207016e-02
5.091499071568250656e-03
8.009251207113265991e-03
-1.512054260820150375e-02
-1.210442092269659042e-02
1.705581694841384888e-02
-2.524955384433269501e-02
-1.458536460995674133e-02
1.917864196002483368e-02
5.651875585317611694e-02
2.073711715638637543e-02
-3.611899912357330322e-02
5.856401100754737854e-02
-1.477224845439195633e-02
4.022171348333358765e-02
-2.568680606782436371e-02
-9.514813311398029327e-03
1.589374989271163940e-02
-8.684015832841396332e-03
2.838478982448577881e-02
3.299459582194685936e-03
-2.859135530889034271e-02
1.214927434921264648e-02
9.519705548882484436e-03
-2.491449564695358276e-02
2.916569262742996216e-02
1.632496342062950134e-02
1.424310542643070221e-02
1.339514739811420441e-03
-1.455204002559185028e-02
1.973420009016990662e-02
2.036129310727119446e-02
3.132415935397148132e-02
-9.937929920852184296e-03
-8.380576036870479584e-03
2.318833395838737488e-02
-2.394553739577531815e-03
-1.130129396915435791e-02
2.214432321488857269e-02
-6.529822479933500290e-03
2.362138219177722931e-02
-2.331278473138809204e-02
1.074975728988647461e-02
-1.630053110420703888e-02
-2.757085300981998444e-02
-2.249501459300518036e-02
-2.724573574960231781e-02
3.364672418683767319e-03
-2.641316875815391541e-02
1.514332927763462067e-02
-4.597132652997970581e-02
-2.128209918737411499e-02
-1.334941107779741287e-02
4.475994501262903214e-03
1.819515600800514221e-02
-1.139669492840766907e-02
1.350964140146970749e-02
-1.350702252238988876e-02
7.618077099323272705e-03
-2.785901911556720734e-02
-5.254757776856422424e-02
1.233337819576263428e-02
-7.251364178955554962e-03
2.583644725382328033e-02
4.358315467834472656e-02
3.171855211257934570e-02
1.796192862093448639e-02
-4.931897670030593872e-02
2.837711572647094727e-02
-4.340557381510734558e-03
-1.449524611234664917e-02
2.555849030613899231e-02
2.161917276680469513e-02
-5.729945749044418335e-02
4.099262133240699768e-02
-4.497437272220849991e-03
3.510316088795661926e-02
5.199052859097719193e-03
6.074198987334966660e-03
2.688665501773357391e-02
1.030946616083383560e-02
1.225548912771046162e-03
-1.063388958573341370e-02
1.404167246073484421e-02
9.272764436900615692e-03
1.929224468767642975e-02
8.791154250502586365e-03
5.218609794974327087e-02
3.544380888342857361e-02
6.115240976214408875e-03
-3.161623328924179077e-02
2.372167445719242096e-02
-7.824842818081378937e-03
2.489006333053112030e-02
-1.739300601184368134e-02
3.540251404047012329e-02
1.009506545960903168e-02
-9.860873222351074219e-03
9.778937324881553650e-03
9.467753581702709198e-03
1.201466843485832214e-02
3.537415340542793274e-02
-1.033588498830795288e-02
-3.539331629872322083e-02
3.006488457322120667e-02
-2.140685729682445526e-02
1.406014151871204376e-02
3.434876352548599243e-02
-2.880253456532955170e-02
-1.859186589717864990e-02
5.310923792421817780e-03
4.848664160817861557e-03
1.073664613068103790e-02
3.595949616283178329e-03
1.795982825569808483e-03
-1.705873385071754456e-02
-3.305615112185478210e-02
2.264708839356899261e-02
3.778459131717681885e-02
1.250264234840869904e-02
1.227482408285140991e-02
3.921916335821151733e-02
2.178848907351493835e-02
-3.441322594881057739e-02
-2.707994915544986725e-02
-1.413559657521545887e-03
-2.889642678201198578e-02
-2.395807951688766479e-02
2.279966883361339569e-02
-1.382319536060094833e-02
8.235274814069271088e-03
1.346885878592729568e-02
-3.073477931320667267e-02
-4.814476706087589264e-03
1.798896305263042450e-02
-2.803884819149971008e-02
-1.129583455622196198e-02
3.737556189298629761e-02
-3.723629191517829895e-02
8.598663844168186188e-03
-5.798518657684326172e-03
2.500959858298301697e-02
-3.465422429144382477e-03
1.618006080389022827e-02
-1.731819659471511841e-02
1.889346726238727570e-02
3.711790591478347778e-02
3.609889000654220581e-02
-1.348844147287309170e-03
-3.600414609536528587e-03
2.059336937963962555e-02
-2.867807447910308838e-02
-1.240573264658451080e-02
-4.753454588353633881e-03
8.378735743463039398e-03
-1.035329978913068771e-02
9.227693080902099609e-03
2.107774652540683746e-02
3.507249802350997925e-02
9.583609178662300110e-03
2.482002601027488708e-02
9.820739505812525749e-04
1.433334499597549438e-02
-1.423322316259145737e-02
1.910630264319479465e-03
2.852135337889194489e-02
-4.502680897712707520e-02
-2.250464633107185364e-02
1.244923565536737442e-02
-2.905965782701969147e-02
-8.294373750686645508e-03
2.189450711011886597e-02
3.980142064392566681e-03
-1.104577444493770599e-03
1.863010227680206299e-02
-4.831560654565691948e-04
2.838299982249736786e-02
-3.523280099034309387e-02
1.093395613133907318e-02
-2.556966990232467651e-02
3.376400098204612732e-02
3.953521698713302612e-02
2.240161644294857979e-03
1.885350979864597321e-02
-1.719100587069988251e-02
2.785752713680267334e-02
-2.969927154481410980e-02
6.241444125771522522e-02
-4.007704928517341614e-02
1.180643122643232346e-02
-4.430607706308364868e-02
-1.719842292368412018e-02
1.271270122379064560e-02
-2.263502962887287140e-02
5.782043188810348511e-02
-5.479009356349706650e-03
-3.473762422800064087e-02
-9.942689910531044006e-03
-1.094824448227882385e-02
1.852928660809993744e-02
1.231610425747931004e-03
-3.477805852890014648e-02
-6.395516451448202133e-03
-1.787302643060684204e-02
5.196438170969486237e-03
1.189999934285879135e-02
8.255705237388610840e-03
1.763664372265338898e-02
-2.068619802594184875e-02
3.710018843412399292e-02
1.349684875458478928e-02
3.913277760148048401e-02
-1.525602303445339203e-02
-1.899039838463068008e-03
-5.535634700208902359e-03
2.386211976408958435e-02
-7.573745213449001312e-03
2.305569313466548920e-02
-2.789442986249923706e-02
-1.046813675202429295e-03
1.513721700757741928e-02
-1.862324215471744537e-02
-3.511477261781692505e-02
-6.648679822683334351e-02
1.631686836481094360e-02
-2.552647888660430908e-02
4.321200028061866760e-02
-1.285884529352188110e-02
-3.288373351097106934e-02
2.018796652555465698e-02
3.178115934133529663e-02
-1.371215004473924637e-02
-3.002771921455860138e-02
-1.872767880558967590e-02
-4.440814256668090820e-02
3.815566748380661011e-02
2.589301578700542450e-02
-7.985172560438513756e-04
-2.296305634081363678e-02
2.952961623668670654e-02
-3.466068953275680542e-02
8.710678666830062866e-03
4.999476950615644455e-03
4.587845131754875183e-02
-5.606167763471603394e-02
9.626870974898338318e-03
-5.267806723713874817e-02
-8.184006437659263611e-03
5.248301476240158081e-02
2.766889147460460663e-02
-1.090117264539003372e-02
2.493505179882049561e-02
1.755355042405426502e-03
1.055259257555007935e-02
-1.778570003807544708e-03
-3.343853354454040527e-02
-1.950147747993469238e-02
5.998108908534049988e-02
-1.644842140376567841e-02
-2.947247400879859924e-02
-2.653949894011020660e-02
-1.065073627978563309e-02
1.668086461722850800e-02
1.540968101471662521e-02
5.109739676117897034e-02
3.348084539175033569e-02
3.050889819860458374e-02
2.376295626163482666e-02
-1.761026866734027863e-02
-1.138521358370780945e-02
5.013872683048248291e-02
9.820862673223018646e-03
-4.032079130411148071e-03
-2.868738397955894470e-02
1.809811964631080627e-02
-1.642247661948204041e-02
-6.152223795652389526e-02
-7.020832039415836334e-03
-1.195976883172988892e-02
7.051157299429178238e-03
-5.195781961083412170e-02
-5.462205968797206879e-03
5.192538350820541382e-02
-1.050085388123989105e-02
-1.195345260202884674e-02
1.903910562396049500e-02
-2.140697836875915527e-02
1.550297625362873077e-02
-1.025738008320331573e-02
-2.259316481649875641e-02
-1.943252421915531158e-02
8.492330089211463928e-04
-1.187077257782220840e-02
-1.908542122691869736e-03
1.535963639616966248e-02
5.395085737109184265e-02
-3.363449824973940849e-03
1.286251656711101532e-02
-1.691614277660846710e-02
2.701816149055957794e-03
-5.390562582761049271e-03
6.827255338430404663e-02
-3.195140138268470764e-02
4.732953757047653198e-02
2.488805912435054779e-04
-2.234177291393280029e-02
-2.501992136240005493e-02
-1.661327481269836426e-02
1.730860397219657898e-02
4.471068456768989563e-02
1.224531559273600578e-03
-8.017130196094512939e-03
2.270403318107128143e-02
-4.633801802992820740e-02
-1.784910075366497040e-02
6.655003130435943604e-02
9.684488177299499512e-03
-4.507455602288246155e-02
-4.051530361175537109e-02
-2.736607333645224571e-03
1.291513536125421524e-02
4.913891851902008057e-02
-7.030754350125789642e-03
-1.594168879091739655e-02
7.253306917846202850e-03
3.272011876106262207e-02
-3.311825916171073914e-02
-3.442773595452308655e-03
1.377842947840690613e-02
-7.374368607997894287e-03
-3.018082678318023682e-02
-1.406700070947408676e-02
8.676099590957164764e-03
6.642390042543411255e-02
4.382064566016197205e-03
1.374269463121891022e-02
-1.964432420209050179e-03
1.229522656649351120e-02
2.383781038224697113e-02
-4.722927883267402649e-02
-6.601389963179826736e-03
-2.932472340762615204e-02
-4.615250974893569946e-02
-4.555511288344860077e-03
-2.031900547444820404e-02
-2.272865921258926392e-02
5.349939689040184021e-02
-6.377543322741985321e-03
-3.026931546628475189e-02
-2.277169842272996902e-04
-1.398657169193029404e-02
-2.881336025893688202e-02
-1.041780132800340652e-02
3.394150361418724060e-02
-3.410026431083679199e-02
9.924851357936859131e-03
-3.885437175631523132e-02
-3.885180130600929260e-02
-1.532692462205886841e-02
-3.336357697844505310e-02
1.764618977904319763e-02
4.629525542259216309e-02
-4.674450308084487915e-02
2.154505439102649689e-02
-9.080935269594192505e-03
-2.937881089746952057e-02
-1.229688711464405060e-02
-9.651098400354385376e-03
2.195520699024200439e-02
7.243866566568613052e-03
-9.570400230586528778e-03
-1.387503929436206818e-03
4.812769219279289246e-02
1.472080964595079422e-02
5.985419265925884247e-03
6.666729692369699478e-03
-6.224254146218299866e-03
-5.384128168225288391e-02
-4.551774356514215469e-03
-1.055692136287689209e-02
9.068566374480724335e-03
1.965353265404701233e-02
6.275824271142482758e-03
3.157760202884674072e-02
-7.721291854977607727e-03
-2.134876698255538940e-02
2.036065980792045593e-02
-4.117842763662338257e-04
6.741227209568023682e-02
-2.825059182941913605e-02
-4.582006018608808517e-03
-7.787638343870639801e-03
3.484910726547241211e-02
-7.557651028037071228e-03
4.020820558071136475e-02
2.957561984658241272e-02
-1.170270238071680069e-02
2.496575238183140755e-03
-1.046558492816984653e-03
-3.988264594227075577e-03
-2.495763450860977173e-02
5.243926122784614563e-02
-8.089664392173290253e-03
-3.289870172739028931e-02
-2.913929894566535950e-02
-2.216469030827283859e-03
3.341930732131004333e-02
-1.006714254617691040e-02
-1.527844346128404140e-03
3.716418147087097168e-02
1.479947939515113831e-02
-3.942787181586027145e-03
5.751484632492065430e-02
-1.205897796899080276e-02
-1.600141264498233795e-02
1.850000582635402679e-02
-2.416822314262390137e-02
-5.453782528638839722e-02
4.703762382268905640e-02
-4.094127193093299866e-02
-2.134650200605392456e-02
5.195840448141098022e-02
1.975332759320735931e-02
-4.488741606473922729e-02
2.439362555742263794e-02
3.976622130721807480e-03
-1.201289426535367966e-02
-1.837077364325523376e-02
2.483945153653621674e-02
-2.006740309298038483e-02
6.803599745035171509e-02
4.299470782279968262e-02
-1.630358025431632996e-02
1.670172251760959625e-02
-4.321900755167007446e-02
3.807140141725540161e-02
-4.955290257930755615e-02
-6.424789875745773315e-02
-2.717256732285022736e-02
5.876614525914192200e-02
-1.507892925292253494e-02
-7.635394576936960220e-03
-3.475778549909591675e-02
-1.259197574108839035e-02
-6.626698188483715057e-03
1.801498420536518097e-02
-3.917869925498962402e-02
2.124072983860969543e-02
-1.308688055723905563e-02
-1.684961316641420126e-04
8.195744827389717102e-03
-1.071640942245721817e-02
-3.341411426663398743e-02
-4.926365800201892853e-03
2.857819013297557831e-02
2.053765021264553070e-02
-8.403408341109752655e-03
-3.583849221467971802e-02
-3.939417377114295959e-02
6.391153205186128616e-03
6.291834288276731968e-04
-9.250569157302379608e-03
-3.161277621984481812e-02
-8.471105247735977173e-03
-1.976208202540874481e-02
1.019706018269062042e-02
1.371833868324756622e-02
-3.448662906885147095e-02
-1.649603806436061859e-02
-2.971767634153366089e-02
-2.938941121101379395e-03
3.004404902458190918e-02
-3.979697823524475098e-02
1.207134220749139786e-02
2.711323089897632599e-02
-3.957353159785270691e-02
4.550686478614807129e-02
-2.837076317518949509e-03
7.408706936985254288e-03
4.401420056819915771e-02
8.618797175586223602e-03
-4.055780824273824692e-03
5.008988082408905029e-03
-1.416260347468778491e-04
-5.171175673604011536e-02
-1.094606611877679825e-02
-1.476644724607467651e-02
-1.263710577040910721e-02
4.556847736239433289e-02
1.704837009310722351e-02
1.768838800489902496e-02
5.687062628567218781e-03
-2.651575207710266113e-02
3.083178959786891937e-02
-1.100757811218500137e-02
2.619026601314544678e-02
-3.089288808405399323e-02
3.971568495035171509e-02
1.949787698686122894e-02
5.421154201030731201e-03
-6.706420332193374634e-02
4.366945475339889526e-03
1.429395098239183426e-02
6.646227091550827026e-03
-5.464560911059379578e-02
2.564679198258090764e-05
-6.395960692316293716e-03
-1.238163001835346222e-02
-6.660639774054288864e-03
-1.457387814298272133e-03
-3.902683267369866371e-03
-4.868871532380580902e-03
-3.521407023072242737e-03
-7.593062706291675568e-03
-6.219530012458562851e-03
-5.308535881340503693e-03
1.390502601861953735e-02
-9.628575295209884644e-03
3.295271424576640129e-03
1.347262319177389145e-02
9.298062883317470551e-03
3.079993417486548424e-03
-4.569053649902343750e-03
-9.874493116512894630e-04
5.026016384363174438e-03
9.633118170313537121e-04
