3.044522367417812347e-02
3.534773364663124084e-02
6.544886529445648193e-02
-1.335845738649368286e-01
9.081316180527210236e-03
-5.523181706666946411e-02
-1.280739903450012207e-02
-9.055612608790397644e-03
-9.608292952179908752e-03
3.769141621887683868e-03
1.301797032356262207e-01
6.309448182582855225e-02
1.163826361298561096e-01
5.295617878437042236e-02
3.134156018495559692e-02
2.206051200628280640e-01
3.717846423387527466e-02
5.109415203332901001e-02
7.777980715036392212e-02
2.937795408070087433e-02
-1.245808079838752747e-01
2.618943154811859131e-02
1.293585896492004395e-01
-1.543993409723043442e-02
-3.117510676383972168e-01
-5.822622776031494141e-02
7.037523388862609863e-02
-7.165211439132690430e-02
-3.545975685119628906e-02
-9.834725409746170044e-03
-2.144864294677972794e-03
1.120229065418243408e-01
7.462421804666519165e-02
-3.492910787463188171e-02
-1.454892009496688843e-01
1.070474013686180115e-01
1.332950592041015625e-01
-4.849552363157272339e-02
-1.961870677769184113e-02
1.010471358895301819e-01
7.857354357838630676e-03
-5.689456313848495483e-02
-9.384427219629287720e-02
4.251945018768310547e-02
1.192859001457691193e-02
1.743096299469470978e-02
-2.065142244100570679e-02
4.216897767037153244e-03
1.790110208094120026e-02
4.051321372389793396e-02
7.520219776779413223e-03
4.533884301781654358e-02
-5.266417190432548523e-02
2.254853397607803345e-02
-5.695118103176355362e-03
-2.339698188006877899e-02
-1.952959410846233368e-02
-6.068657338619232178e-02
-3.210635855793952942e-02
-6.413783412426710129e-03
-1.193107571452856064e-02
3.791989013552665710e-02
6.393569707870483398e-02
-9.610581398010253906e-02
-7.521455641835927963e-03
-1.292240023612976074e-01
2.234671637415885925e-02
-4.383261501789093018e-02
-5.612955614924430847e-02
2.153418771922588348e-02
7.587196305394172668e-03
-4.816025123000144958e-02
-3.630263730883598328e-02
1.881102286279201508e-02
-2.016746671870350838e-03
1.928428374230861664e-02
-4.669896513223648071e-02
5.014403164386749268e-02
-3.309335932135581970e-02
-4.394880309700965881e-02
9.256956167519092560e-03
-1.806883327662944794e-02
2.062065340578556061e-02
6.940607726573944092e-02
1.413536537438631058e-02
-1.306881289929151535e-02
-1.173665747046470642e-02
-4.506731033325195312e-02
-4.146898537874221802e-02
1.803687959909439087e-02
-3.300451114773750305e-02
-7.742016110569238663e-03
-1.479567121714353561e-02
-4.065670073032379150e-02
2.286586910486221313e-02
6.037531048059463501e-02
-3.972068801522254944e-02
7.221233099699020386e-03
-4.663654789328575134e-02
1.746947504580020905e-02
-1.228354312479496002e-02
1.506734988652169704e-03
3.649705555289983749e-03
2.188274823129177094e-02
5.319897085428237915e-02
3.396257385611534119e-02
2.426616614684462547e-03
4.058295115828514099e-02
4.698879085481166840e-03
-3.278563544154167175e-02
2.102527022361755371e-02
1.464697811752557755e-02
1.437931973487138748e-02
-3.628845512866973877e-02
7.402867544442415237e-03
-3.554764669388532639e-03
1.435131952166557312e-02
7.935097441077232361e-03
-1.135456338524818420e-01
2.206002734601497650e-02
-2.104528807103633881e-02
4.979524388909339905e-02
2.646452374756336212e-02
4.884618520736694336e-02
2.827140269801020622e-04
1.214683288708329201e-03
1.662562042474746704e-02
3.683675453066825867e-02
-4.584889858961105347e-02
-6.030282378196716309e-02
-2.797533757984638214e-02
6.270288489758968353e-03
-1.297160284593701363e-03
-1.701379381120204926e-02
-4.862185940146446228e-02
8.721250109374523163e-03
-6.033993139863014221e-02
1.394903752952814102e-03
-2.228852547705173492e-02
2.811819501221179962e-02
-3.251911699771881104e-02
-3.316119685769081116e-02
-3.570606932044029236e-02
5.349455773830413818e-02
-3.980449959635734558e-02
-1.791292428970336914e-02
8.202522993087768555e-03
-9.979749098420143127e-03
3.347260132431983948e-02
1.271088421344757080e-02
-2.592494711279869080e-02
2.611180581152439117e-02
3.240740299224853516e-02
-3.246178478002548218e-02
-6.380769610404968262e-02
-9.216303005814552307e-03
-1.793699152767658234e-02
1.555880531668663025e-02
-5.475926678627729416e-03
-4.989384487271308899e-02
3.304299712181091309e-02
-2.708088234066963196e-02
-1.390858087688684464e-02
7.554241921752691269e-03
2.788151614367961884e-02
6.163503229618072510e-02
2.969718910753726959e-02
-6.054854020476341248e-03
4.395823553204536438e-02
4.415988922119140625e-02
4.982085525989532471e-02
-6.878594402223825455e-03
4.652617871761322021e-02
-1.856581494212150574e-02
3.210492804646492004e-02
4.409081861376762390e-02
5.823090672492980957e-03
-1.384864002466201782e-02
-4.210913181304931641e-02
2.273513935506343842e-02
7.889718748629093170e-03
-4.422209039330482483e-02
6.147379428148269653e-02
6.169240921735763550e-02
2.551908604800701141e-02
5.026303231716156006e-03
6.102114915847778320e-03
4.545446950942277908e-03
-2.339404448866844177e-02
-5.111338105052709579e-03
-2.143836393952369690e-02
1.079332455992698669e-02
6.959930807352066040e-02
3.824724629521369934e-02
2.085046656429767609e-02
4.490244667977094650e-03
6.284639984369277954e-02
1.487712934613227844e-02
-9.392597712576389313e-03
-1.445709262043237686e-02
-1.790198311209678650e-02
8.209515362977981567e-03
-3.946741670370101929e-02
3.811215981841087341e-02
-4.580917768180370331e-03
-8.207133971154689789e-03
1.544454135000705719e-02
3.265044838190078735e-02
-8.413877338171005249e-03
-2.931388095021247864e-03
1.243866863660514355e-03
-8.216970600187778473e-03
6.248341873288154602e-02
3.215148672461509705e-02
3.430247073993086815e-03
-1.925914362072944641e-02
-3.846461325883865356e-02
1.976934261620044708e-02
-3.562304005026817322e-02
-4.930037260055541992e-02
-1.387181691825389862e-02
-2.110728621482849121e-02
-2.101802825927734375e-02
2.883837558329105377e-02
-1.986576989293098450e-02
-4.366061836481094360e-02
1.333506591618061066e-02
1.660298369824886322e-02
-4.074019566178321838e-02
5.825767293572425842e-02
1.320065092295408249e-02
6.875060498714447021e-03
-2.024866268038749695e-02
2.775338664650917053e-02
-1.100115105509757996e-02
-2.028531767427921295e-02
1.828407868742942810e-02
-5.174128711223602295e-02
-2.662578970193862915e-02
-4.702071659266948700e-03
7.151800394058227539e-02
1.518906909041106701e-03
9.143374860286712646e-02
-1.171719003468751907e-02
-7.905229181051254272e-02
1.514802407473325729e-02
-5.071323364973068237e-02
-7.764369249343872070e-02
-1.347440481185913086e-02
2.673247270286083221e-02
-3.252871334552764893e-02
5.133324302732944489e-03
-2.786836400628089905e-02
-4.747193679213523865e-02
-1.817137002944946289e-02
-1.223024912178516388e-02
-6.501517444849014282e-02
-1.941284723579883575e-02
6.031661760061979294e-03
-8.840084075927734375e-02
6.189262494444847107e-02
6.127632036805152893e-02
3.903323085978627205e-03
3.021668456494808197e-02
-2.569247037172317505e-03
2.725196629762649536e-02
1.919707097113132477e-02
2.335679531097412109e-02
-2.000478282570838928e-02
-1.111041288822889328e-02
4.940507933497428894e-02
-2.590933116152882576e-03
1.106881257146596909e-02
2.358583733439445496e-02
4.907929524779319763e-02
8.719844743609428406e-03
1.983535289764404297e-02
-2.622268535196781158e-02
-8.835452608764171600e-03
1.886066980659961700e-02
4.815058410167694092e-02
6.762221455574035645e-02
5.509608238935470581e-02
4.061105661094188690e-03
5.111907422542572021e-02
-3.053644485771656036e-02
-6.344563513994216919e-02
-4.719917848706245422e-02
1.234719250351190567e-02
6.190666928887367249e-02
6.207944825291633606e-03
7.937255315482616425e-03
1.997103728353977203e-02
2.297439984977245331e-02
1.938102394342422485e-02
-3.130078315734863281e-02
-1.527109649032354355e-02
-1.313946768641471863e-02
-5.395287647843360901e-03
1.030672900378704071e-02
-2.235096506774425507e-02
4.206323996186256409e-02
7.954350113868713379e-02
2.528171986341476440e-02
-1.036542095243930817e-02
1.125216111540794373e-02
-2.281638793647289276e-02
1.522582862526178360e-02
-2.658378519117832184e-02
3.093574196100234985e-02
-2.709428220987319946e-02
-7.545683067291975021e-03
9.364859201014041901e-03
-3.458508988842368126e-03
6.471108645200729370e-02
1.594715751707553864e-02
-5.652547627687454224e-02
-6.355020403861999512e-02
1.896708272397518158e-02
3.391922265291213989e-02
-5.268004536628723145e-02
-7.128917146474123001e-03
5.332122091203927994e-03
-3.715207800269126892e-02
3.577093034982681274e-02
5.699953064322471619e-02
3.851801902055740356e-02
5.892243608832359314e-02
3.727268194779753685e-03
-1.277832500636577606e-02
5.667350068688392639e-02
7.753751426935195923e-02
6.220277398824691772e-02
-3.643546625971794128e-02
-3.643298149108886719e-02
-4.445552080869674683e-02
-1.829710789024829865e-02
-1.713097095489501953e-02
-2.328305318951606750e-02
-2.714191004633903503e-02
-1.727223955094814301e-02
-4.818467795848846436e-02
-3.980252146720886230e-02
1.303269527852535248e-02
-5.299613252282142639e-02
1.464847754687070847e-02
-4.623515903949737549e-02
8.770748041570186615e-03
-6.742372363805770874e-02
-2.771940268576145172e-02
4.425242170691490173e-02
-3.748766332864761353e-02
2.583085931837558746e-02
-3.993510082364082336e-02
-2.811172977089881897e-02
5.014292895793914795e-02
-5.435232538729906082e-03
2.168412692844867706e-02
-9.372825734317302704e-04
-8.793949149549007416e-03
-1.542509254068136215e-02
1.272378140129148960e-03
-3.505532816052436829e-02
-2.167971339076757431e-03
4.530100896954536438e-02
-2.024037577211856842e-02
-1.189811900258064270e-02
3.879454359412193298e-02
1.603533048182725906e-03
-2.930998569354414940e-03
-4.828695673495531082e-03
-3.111194819211959839e-03
5.157744511961936951e-02
4.937052354216575623e-02
-2.050097659230232239e-02
1.305068004876375198e-02
1.976418495178222656e-02
-1.080365199595689774e-02
6.535704433917999268e-02
-2.043859474360942841e-02
8.450389653444290161e-02
-1.707003824412822723e-02
-6.652551237493753433e-03
-3.852704912424087524e-02
-1.257308013737201691e-02
-1.557194255292415619e-02
-3.201782703399658203e-02
-6.160911917686462402e-02
-5.431616678833961487e-02
2.791494689881801605e-02
-9.167411364614963531e-03
1.737636886537075043e-02
1.097520906478166580e-02
3.458448871970176697e-02
3.254944831132888794e-02
-1.834722980856895447e-02
6.666355766355991364e-03
1.481954474002122879e-02
-1.396800670772790909e-02
3.581555094569921494e-03
4.515176173299551010e-03
-4.313184414058923721e-03
-2.036324143409729004e-02
5.191958695650100708e-02
1.501298509538173676e-02
1.497010700404644012e-03
3.504273295402526855e-02
-1.477720681577920914e-03
-2.553169429302215576e-02
3.525771200656890869e-02
1.576190628111362457e-02
4.357742890715599060e-02
-1.141855376772582531e-03
9.571261703968048096e-02
2.953884191811084747e-02
-1.615218818187713623e-02
4.651550948619842529e-02
8.530210703611373901e-03
1.276462525129318237e-02
-3.781038522720336914e-02
-7.832791656255722046e-03
4.384287446737289429e-02
6.499444134533405304e-03
3.902175650000572205e-02
1.660196110606193542e-03
-4.947854671627283096e-03
7.393889874219894409e-02
3.563981130719184875e-02
-1.187821850180625916e-02
4.912392422556877136e-02
2.636286662891507149e-03
6.289142649620771408e-03
-2.902128547430038452e-02
-4.459607973694801331e-02
2.987837977707386017e-02
-9.306943044066429138e-03
-3.784260014072060585e-03
1.244795322418212891e-02
1.349001191556453705e-02
-3.478247206658124924e-03
-4.144762083888053894e-02
4.861480742692947388e-02
-2.580256387591362000e-02
3.369642421603202820e-02
-2.172404713928699493e-02
7.213299628347158432e-03
1.013491186313331127e-03
7.570177782326936722e-03
-6.088966503739356995e-03
4.294659011065959930e-03
1.498779747635126114e-04
-3.351231291890144348e-02
-6.947019696235656738e-02
1.884618028998374939e-02
-7.166741043329238892e-02
4.871022328734397888e-02
5.437294021248817444e-03
4.331504926085472107e-02
1.766750589013099670e-03
-2.179677831009030342e-03
-3.073035366833209991e-02
-4.803776368498802185e-02
-8.294599503278732300e-02
2.641062811017036438e-02
-1.004534587264060974e-02
-2.416211739182472229e-02
-1.311020273715257645e-02
-2.046181075274944305e-02
-3.658612444996833801e-02
4.729128628969192505e-02
8.120486140251159668e-02
-4.491801839321851730e-03
-6.291359197348356247e-03
7.265720050781965256e-03
-2.208746969699859619e-02
1.234671846032142639e-02
6.976236402988433838e-02
-2.961482107639312744e-02
-3.636321797966957092e-02
1.580479554831981659e-02
2.514431998133659363e-02
-2.245876565575599670e-02
1.454331725835800171e-02
-2.391912788152694702e-02
-1.456858310848474503e-02
-2.928511984646320343e-02
3.066951036453247070e-02
-2.763010794296860695e-03
2.570949122309684753e-02
7.434443570673465729e-03
1.736939884722232819e-03
-2.902467548847198486e-02
4.036143794655799866e-02
1.141340564936399460e-02
-7.525660563260316849e-03
-3.795653115957975388e-03
2.482813782989978790e-02
-1.441467646509408951e-02
4.454195499420166016e-03
1.856591366231441498e-02
-7.674044370651245117e-02
-1.517699658870697021e-02
1.704135909676551819e-02
-2.058049850165843964e-02
-8.513354696333408356e-03
3.070525825023651123e-02
2.121485769748687744e-02
-1.943747047334909439e-03
5.368024855852127075e-02
-4.010311141610145569e-02
3.965926356613636017e-03
3.833629563450813293e-02
-3.122867457568645477e-02
6.596057675778865814e-03
5.163493379950523376e-02
9.847702831029891968e-02
-1.906706951558589935e-02
6.510154809802770615e-03
5.529358051717281342e-03
-4.988766834139823914e-02
-1.509507093578577042e-02
-4.199121147394180298e-02
-1.008700858801603317e-02
-2.127453498542308807e-02
6.804208457469940186e-02
-7.100223749876022339e-02
-5.382148083299398422e-03
-1.352526154369115829e-02
-2.106153964996337891e-02
-4.490761831402778625e-02
-2.892405726015567780e-02
7.426580786705017090e-02
-6.960387807339429855e-03
-2.723300643265247345e-02
-3.824311867356300354e-02
5.419723689556121826e-02
1.605490036308765411e-02
-1.370055042207241058e-02
2.686175331473350525e-02
1.953325793147087097e-02
-3.811032697558403015e-02
1.645016297698020935e-02
-1.636449620127677917e-02
9.626834839582443237e-02
-5.686720367521047592e-03
-2.332364022731781006e-02
-5.864067003130912781e-02
2.479946613311767578e-02
-1.005758903920650482e-02
3.108689747750759125e-02
-8.328407071530818939e-03
-1.048492919653654099e-02
5.110499262809753418e-02
4.584768414497375488e-02
1.874887943267822266e-02
6.066901609301567078e-03
4.811208229511976242e-03
-1.821576990187168121e-02
1.456012018024921417e-02
3.433511406183242798e-02
4.537307191640138626e-03
5.512088537216186523e-02
3.545454889535903931e-02
1.413578633219003677e-02
8.804596029222011566e-03
3.763285651803016663e-02
-5.905945319682359695e-03
-5.517684668302536011e-02
2.437688410282135010e-03
-3.851810842752456665e-02
-8.692742325365543365e-03
1.986084319651126862e-02
1.701856218278408051e-02
1.091189496219158173e-02
3.577648475766181946e-02
-7.648774422705173492e-03
4.450391605496406555e-02
-4.133548587560653687e-02
3.394065890461206436e-03
2.314281277358531952e-02
-3.907678276300430298e-02
1.592669822275638580e-02
1.893180049955844879e-02
2.581604570150375366e-02
1.903338357806205750e-02
5.826391279697418213e-02
-3.363404422998428345e-02
3.311973810195922852e-02
4.993776232004165649e-02
2.484933845698833466e-02
-1.369837438687682152e-03
5.278257653117179871e-02
1.072491891682147980e-02
-3.577988967299461365e-02
-2.154207788407802582e-02
3.697496280074119568e-02
-3.927581477910280228e-03
5.762351304292678833e-02
2.418269217014312744e-02
4.866817500442266464e-03
2.275886945426464081e-02
-1.860996335744857788e-02
9.602941572666168213e-03
1.752448268234729767e-02
-6.477570161223411560e-03
6.820324063301086426e-02
3.221154212951660156e-02
-1.289454754441976547e-02
4.446244239807128906e-02
5.466901883482933044e-02
2.615842036902904510e-02
8.341090753674507141e-03
-5.389994475990533829e-03
-2.805963717401027679e-02
1.017994992434978485e-02
1.307204179465770721e-02
1.373572926968336105e-02
-2.240279689431190491e-02
3.411066532135009766e-02
-8.214178681373596191e-02
6.016672123223543167e-03
4.040412232279777527e-02
1.777241379022598267e-02
1.562036853283643723e-02
1.126668322831392288e-02
3.956110402941703796e-02
7.439112290740013123e-03
-2.150635048747062683e-02
7.212111260741949081e-03
6.004553288221359253e-02
-7.510039955377578735e-02
-8.450131863355636597e-03
2.521717734634876251e-02
2.375564165413379669e-02
2.687855064868927002e-02
1.438597869127988815e-02
-1.682274043560028076e-02
-4.994106292724609375e-02
-4.661465436220169067e-02
-4.917457699775695801e-04
1.030939351767301559e-02
-2.159827947616577148e-02
-2.437161514535546303e-03
3.585266694426536560e-02
3.093606978654861450e-02
2.512980997562408447e-02
-7.132519781589508057e-02
-5.901596043258905411e-03
-2.407740801572799683e-02
-1.543474756181240082e-02
4.205085709691047668e-02
-3.486468223854899406e-03
-1.100743748247623444e-02
2.078193984925746918e-02
-1.183530595153570175e-02
-3.352729231119155884e-02
-3.343789605423808098e-03
5.143752321600914001e-02
2.151381224393844604e-02
-4.748117178678512573e-02
5.129484343342483044e-04
4.943063855171203613e-02
-4.286953248083591461e-03
-3.663971275091171265e-02
2.138573117554187775e-02
-4.168649762868881226e-02
-4.659357294440269470e-02
2.828484214842319489e-02
3.691123798489570618e-02
-2.095939591526985168e-02
-2.939099259674549103e-02
3.442968428134918213e-02
6.062235683202743530e-02
-2.341325208544731140e-02
-1.375320553779602051e-02
9.611601009964942932e-03
3.681451082229614258e-03
1.059919595718383789e-02
-1.292372588068246841e-03
8.242344111204147339e-02
-5.078541859984397888e-02
-4.584662616252899170e-03
-9.807877242565155029e-03
6.811694242060184479e-03
1.346401777118444443e-02
5.711438134312629700e-02
1.139013795182108879e-03
1.657210476696491241e-02
1.732980832457542419e-02
2.118092775344848633e-02
1.421881257556378841e-03
1.742448657751083374e-02
-3.203940019011497498e-02
-1.903653517365455627e-02
-1.325727440416812897e-02
4.368444532155990601e-02
-2.971131354570388794e-02
1.381373591721057892e-02
2.182957716286182404e-02
-4.436101019382476807e-02
3.837398439645767212e-02
2.699500881135463715e-02
1.013199519366025925e-02
-3.899928182363510132e-03
-1.115480717271566391e-02
-5.541432276368141174e-02
-9.741526097059249878e-03
6.118327751755714417e-02
3.283162415027618408e-02
3.804697655141353607e-03
-3.296927362680435181e-02
3.704842552542686462e-02
-1.039414200931787491e-03
4.197013750672340393e-02
-5.165908858180046082e-02
9.674292989075183868e-03
9.687031619250774384e-03
1.967125385999679565e-02
2.003426291048526764e-02
6.937052123248577118e-03
-3.023864515125751495e-02
-5.296575278043746948e-02
-6.431015208363533020e-05
1.462502311915159225e-02
1.925615221261978149e-02
-2.194564975798130035e-02
5.147134885191917419e-03
2.568867057561874390e-02
5.793858692049980164e-02
8.488859981298446655e-03
3.365230187773704529e-02
-5.908121541142463684e-02
3.248628601431846619e-02
-3.855651989579200745e-02
2.019355818629264832e-02
5.399561952799558640e-03
-2.012429200112819672e-02
-1.176499202847480774e-02
2.836957946419715881e-02
3.497097175568342209e-03
1.737453043460845947e-02
1.435764366760849953e-03
-5.054638907313346863e-02
-6.013426557183265686e-02
-6.173669546842575073e-02
4.467287799343466759e-04
2.264507114887237549e-02
-4.691984876990318298e-02
-5.678721703588962555e-03
-4.300001636147499084e-02
4.228440113365650177e-03
1.089617703109979630e-02
-1.487804949283599854e-02
4.065022617578506470e-02
-9.921201271936297417e-04
-1.064046546816825867e-01
7.261104881763458252e-02
-9.071708656847476959e-03
-3.452566638588905334e-02
-3.368606045842170715e-02
-2.324214577674865723e-02
-5.140812695026397705e-02
3.307089209556579590e-02
-1.349773141555488110e-03
-3.090094402432441711e-02
-3.698223736137151718e-03
2.812190167605876923e-02
-2.724655158817768097e-02
-1.046581892296671867e-04
-9.212984703481197357e-03
-2.732118591666221619e-02
-4.062217101454734802e-02
-4.337002336978912354e-02
5.025344714522361755e-02
-1.733558624982833862e-02
-3.306047990918159485e-02
1.588338054716587067e-02
-6.053205952048301697e-02
4.677743464708328247e-02
4.237467795610427856e-02
-4.062777385115623474e-02
-4.833646118640899658e-02
-4.926004633307456970e-02
-2.087422646582126617e-02
-3.847726061940193176e-02
-7.029862608760595322e-03
8.334282785654067993e-02
-8.012841455638408661e-03
1.038912776857614517e-02
3.903109952807426453e-02
-1.729588769376277924e-02
4.909463599324226379e-02
5.270690843462944031e-02
3.126816451549530029e-02
-4.716890305280685425e-02
3.410198912024497986e-02
-1.785290800034999847e-02
-3.664340451359748840e-02
1.339462120085954666e-02
3.147390857338905334e-02
-2.212015911936759949e-02
2.254801243543624878e-02
-3.187801456078886986e-03
6.086180359125137329e-02
-1.844707876443862915e-02
2.558428235352039337e-02
2.321973443031311035e-02
-4.588857293128967285e-03
-4.954253509640693665e-02
2.026928775012493134e-02
6.165526062250137329e-02
-3.748891875147819519e-02
6.610615528188645840e-04
2.394880913197994232e-02
-5.107710603624582291e-04
-2.847038581967353821e-02
3.701457753777503967e-02
3.862186148762702942e-02
5.169642344117164612e-02
1.044116169214248657e-02
-5.328804254531860352e-03
4.802411422133445740e-02
-5.958448722958564758e-02
7.682750001549720764e-03
2.028382383286952972e-02
1.104754861444234848e-03
-4.967829212546348572e-02
-8.102445863187313080e-03
1.512623205780982971e-02
6.901602726429700851e-03
1.527381688356399536e-02
7.193243503570556641e-02
-1.936059258878231049e-02
-7.122686505317687988e-02
-4.170206934213638306e-02
2.945573441684246063e-02
3.622202575206756592e-02
-3.093443252146244049e-02
-1.578793302178382874e-02
3.729728609323501587e-02
3.605852648615837097e-02
4.021671600639820099e-03
-5.287701729685068130e-03
2.661217190325260162e-02
-1.465309131890535355e-02
-3.881485760211944580e-02
4.839862231165170670e-04
5.104218795895576477e-02
-8.166204392910003662e-02
1.601725444197654724e-02
-6.825346499681472778e-03
1.981639862060546875e-02
-2.672467753291130066e-02
1.907178014516830444e-02
-2.777440706267952919e-03
4.735124111175537109e-02
-6.701337546110153198e-02
2.380837313830852509e-02
-3.057845868170261383e-02
9.707010537385940552e-02
1.708153635263442993e-02
1.305175293236970901e-02
-8.955038152635097504e-03
8.173355832695960999e-03
1.246196799911558628e-03
-6.023752968758344650e-03
3.969484940171241760e-02
-1.175140868872404099e-02
1.010289043188095093e-01
-9.443818591535091400e-03
-3.361126780509948730e-02
4.039773251861333847e-03
-2.711478387936949730e-03
1.525623141787946224e-03
-2.033424377441406250e-02
-2.513592690229415894e-02
-3.142754733562469482e-02
2.803932130336761475e-02
9.752841666340827942e-03
3.100448288023471832e-03
1.413008570671081543e-02
7.519736886024475098e-02
1.899937912821769714e-02
8.737794123589992523e-03
3.508040681481361389e-02
4.316123202443122864e-02
1.971920393407344818e-02
-6.467341911047697067e-03
-2.440118975937366486e-02
3.758676350116729736e-02
-1.169891562312841415e-02
-2.090058848261833191e-02
3.401027992367744446e-02
-1.919652149081230164e-02
6.182680651545524597e-02
-1.560004707425832748e-02
-4.707691818475723267e-02
3.022935055196285248e-02
-4.581619799137115479e-02
-4.792357794940471649e-03
4.893822968006134033e-02
-4.049563407897949219e-02
-5.732654593884944916e-03
-5.676618590950965881e-02
9.871222078800201416e-03
-3.525007888674736023e-02
6.191149353981018066e-03
8.476194739341735840e-02
5.237611010670661926e-02
2.342670224606990814e-02
-3.510539606213569641e-02
4.213592782616615295e-02
4.904181510210037231e-02
-1.597838476300239563e-02
2.825870364904403687e-02
3.233765438199043274e-02
3.440822474658489227e-03
5.468071904033422470e-03
1.787228393368422985e-05
-4.570743069052696228e-03
-1.528379623778164387e-03
-7.075305329635739326e-04
1.752740330994129181e-02
7.821330428123474121e-02
-1.633666455745697021e-02
-3.757129982113838196e-02
2.754586283117532730e-03
2.306784875690937042e-02
2.346765249967575073e-02
1.040970906615257263e-02
-2.666132710874080658e-02
-2.401040494441986084e-02
-1.410282775759696960e-02
-3.368723392486572266e-02
-4.256550967693328857e-02
-4.113606363534927368e-02
-1.456844527274370193e-02
-1.913434010930359364e-03
2.002990245819091797e-02
-6.715409923344850540e-03
-6.212604045867919922e-02
3.159965574741363525e-02
-3.100191801786422729e-02
-3.956971690058708191e-02
-5.284161865711212158e-02
-3.455887362360954285e-02
-2.754033729434013367e-02
-2.501666918396949768e-02
-5.251236632466316223e-02
3.862821683287620544e-02
4.872329160571098328e-02
-2.041630633175373077e-02
-1.597480848431587219e-02
2.070521377027034760e-02
4.459452256560325623e-02
7.847642153501510620e-02
-3.115806728601455688e-03
-3.825522959232330322e-02
-7.765851914882659912e-03
8.907497860491275787e-03
1.813341863453388214e-02
-3.427497809752821922e-03
-1.750340498983860016e-02
7.156356237828731537e-03
1.379854697734117508e-02
-7.468415796756744385e-02
-3.412326332181692123e-03
-2.594223432242870331e-02
4.432264342904090881e-02
-1.041257753968238831e-02
3.634451329708099365e-02
4.314053803682327271e-03
-1.961415074765682220e-02
4.476686939597129822e-02
4.464745894074440002e-02
-4.642699845135211945e-03
-1.107033574953675270e-03
1.652965322136878967e-02
2.901109680533409119e-02
-4.851588513702154160e-03
1.604845747351646423e-03
2.738381270319223404e-03
-4.807759076356887817e-02
2.223415859043598175e-02
-4.537440836429595947e-02
4.284609109163284302e-03
4.329710453748703003e-02
-3.180696815252304077e-02
-4.863612353801727295e-02
-3.033532388508319855e-02
7.333402335643768311e-02
1.093994360417127609e-02
-1.237449981272220612e-02
2.290725149214267731e-02
-2.372988499701023102e-02
1.049855072051286697e-02
3.370307013392448425e-02
-5.659174919128417969e-02
3.607281297445297241e-02
-5.532218143343925476e-02
-6.519166636280715466e-04
2.103393711149692535e-02
-2.666813321411609650e-02
5.290206521749496460e-02
-4.937908425927162170e-02
3.905465826392173767e-02
3.049611300230026245e-02
4.311126470565795898e-02
-3.181502595543861389e-02
2.517761662602424622e-02
-1.030587591230869293e-02
-2.489229477941989899e-02
7.470934651792049408e-04
-5.450482666492462158e-02
1.236837450414896011e-02
-5.574449151754379272e-02
-6.580804288387298584e-02
5.865574255585670471e-02
-4.972879774868488312e-03
-4.143922403454780579e-02
3.988660499453544617e-02
-5.454654991626739502e-02
4.180856421589851379e-02
-7.268373668193817139e-02
